TreeGrOSS Exchange Data : by BWINPro
95650200 6H
1993;Jahr
0.19;Flaechengroesse ha
4;Anzahl Eckpunkte
No;x;y;z;
ECK1 ;60.22;18.29;0.00
ECK2 ;30.89;0.00;0.00
ECK3 ;0.00;40.93;0.00
ECK4 ;34.58;60.20;0.00
Code;N;No;Age;DBH;Height;Site index;Crown Base;Crown width;alive;Removal Code;x-Coord.;y-Coord.;z-Coord.;Crop tree;
211;1;5;41;15.90;12.50;-9.00;4.50;3.73;-1;0;30.92;33.00;0.00;0;
211;1;6;41;9.70;11.90;-9.00;3.70;2.18;-1;0;32.16;33.00;0.00;0;
211;1;7;41;6.50;11.50;-9.00;3.10;1.78;-1;0;32.97;33.00;0.00;0;
211;1;10;41;3.60;6.20;-9.00;2.40;0.88;-1;0;33.44;29.00;0.00;0;
211;1;13;41;6.10;10.30;-9.00;5.10;1.65;-1;0;36.38;27.00;0.00;0;
211;1;19;41;5.00;7.00;-9.00;3.40;2.00;-1;0;39.96;29.00;0.00;0;
211;1;20;41;3.40;7.10;-9.00;5.90;1.08;-1;0;41.63;29.00;0.00;0;
211;1;21;41;4.70;9.30;-9.00;6.10;1.90;-1;0;42.10;28.00;0.00;0;
211;1;22;41;9.80;12.70;-9.00;4.30;3.03;-1;0;42.60;28.00;0.00;0;
211;1;23;41;3.70;7.80;-9.00;4.90;1.15;-1;0;42.85;28.00;0.00;0;
211;1;27;41;8.60;10.80;-9.00;5.00;2.08;-1;0;40.55;32.00;0.00;0;
211;1;28;41;6.90;10.70;-9.00;4.60;2.58;-1;0;37.86;29.00;0.00;0;
211;1;29;41;9.30;11.80;-9.00;4.40;2.85;-1;0;36.89;28.00;0.00;0;
211;1;30;41;4.30;8.10;-9.00;3.80;1.90;-1;0;38.85;29.00;0.00;0;
211;1;31;41;10.00;10.60;-9.00;5.00;2.90;-1;0;36.20;28.00;0.00;0;
211;1;32;41;11.40;12.70;-9.00;3.60;3.28;-1;0;38.09;30.00;0.00;0;
211;1;33;41;13.90;13.00;-9.00;2.90;4.13;-1;0;38.51;31.00;0.00;0;
211;1;34;41;5.40;9.70;-9.00;4.40;1.25;-1;0;37.71;31.00;0.00;0;
211;1;35;41;8.40;11.90;-9.00;5.60;1.80;-1;0;34.28;30.00;0.00;0;
211;1;36;41;8.50;11.50;-9.00;5.00;2.03;-1;0;35.07;32.00;0.00;0;
211;1;37;41;8.70;11.40;-9.00;4.50;2.80;-1;0;35.87;32.00;0.00;0;
211;1;38;41;11.60;13.50;-9.00;6.50;2.60;-1;0;36.08;31.00;0.00;0;
211;1;39;41;6.60;10.50;-9.00;4.60;1.50;-1;0;36.01;32.00;0.00;0;
211;1;40;41;7.70;13.10;-9.00;5.30;1.23;-1;0;36.46;32.00;0.00;0;
211;1;41;41;8.80;11.30;-9.00;5.40;1.60;-1;0;36.32;32.00;0.00;0;
211;1;42;41;6.40;7.50;-9.00;2.60;1.50;-1;0;36.45;32.00;0.00;0;
211;1;43;41;7.00;12.30;-9.00;7.40;1.58;-1;0;36.50;31.00;0.00;0;
211;1;46;41;4.20;8.70;-9.00;5.90;1.35;-1;0;32.76;36.00;0.00;0;
211;1;55;41;12.90;14.40;-9.00;5.80;2.88;-1;0;34.21;38.00;0.00;0;
211;1;56;41;9.50;12.90;-9.00;3.90;2.05;-1;0;36.01;40.00;0.00;0;
211;1;60;41;9.70;11.20;-9.00;5.00;2.18;-1;0;38.82;37.00;0.00;0;
211;1;61;41;13.00;13.90;-9.00;5.80;2.50;-1;0;38.82;37.00;0.00;0;
211;1;62;41;4.70;8.70;-9.00;3.40;1.58;-1;0;38.55;36.00;0.00;0;
211;1;64;41;7.10;11.00;-9.00;5.20;2.03;-1;0;41.29;35.00;0.00;0;
211;1;65;41;5.40;7.50;-9.00;4.20;0.85;-1;0;39.24;31.00;0.00;0;
211;1;66;41;7.00;11.90;-9.00;5.20;1.70;-1;0;42.08;35.00;0.00;0;
211;1;67;41;10.20;12.60;-9.00;5.10;2.20;-1;0;42.24;35.00;0.00;0;
211;1;74;41;3.70;7.50;-9.00;5.10;1.50;-1;0;48.83;30.00;0.00;0;
211;1;77;41;5.80;10.40;-9.00;5.80;1.80;-1;0;43.98;34.00;0.00;0;
211;1;78;41;3.20;7.00;-9.00;5.70;1.05;-1;0;43.21;35.00;0.00;0;
211;1;79;41;3.60;9.00;-9.00;7.20;1.05;-1;0;43.28;35.00;0.00;0;
211;1;80;41;8.20;12.30;-9.00;5.40;2.93;-1;0;42.76;36.00;0.00;0;
211;1;81;41;3.90;8.40;-9.00;5.10;1.60;-1;0;44.11;36.00;0.00;0;
211;1;82;41;5.20;9.20;-9.00;4.10;1.45;-1;0;43.89;36.00;0.00;0;
211;1;84;41;3.70;7.60;-9.00;5.70;0.80;-1;0;40.07;38.00;0.00;0;
211;1;87;41;6.00;11.60;-9.00;5.20;1.48;-1;0;40.31;41.00;0.00;0;
211;1;90;41;3.30;7.50;-9.00;4.30;1.38;-1;0;37.52;40.00;0.00;0;
211;1;91;41;6.20;10.50;-9.00;3.70;1.65;-1;0;37.52;40.00;0.00;0;
211;1;94;41;11.40;12.10;-9.00;4.20;3.18;-1;0;41.94;43.00;0.00;0;
211;1;95;41;10.00;13.10;-9.00;5.60;3.15;-1;0;42.06;44.00;0.00;0;
211;1;96;41;8.20;10.40;-9.00;4.30;2.65;-1;0;42.25;44.00;0.00;0;
211;1;97;41;14.10;12.70;-9.00;4.40;4.38;-1;0;43.15;43.00;0.00;0;
211;1;98;41;3.60;7.80;-9.00;5.10;1.23;-1;0;42.44;42.00;0.00;0;
211;1;99;41;8.20;10.70;-9.00;4.30;2.55;-1;0;42.49;42.00;0.00;0;
211;1;100;41;7.20;11.50;-9.00;5.60;2.05;-1;0;44.60;40.00;0.00;0;
211;1;101;41;9.40;13.00;-9.00;7.30;2.85;-1;0;45.30;38.00;0.00;0;
211;1;102;41;5.90;8.10;-9.00;3.40;2.35;-1;0;44.25;38.00;0.00;0;
211;1;103;41;5.40;7.90;-9.00;3.30;2.98;-1;0;45.69;38.00;0.00;0;
211;1;104;41;6.90;9.60;-9.00;4.40;2.15;-1;0;44.12;36.00;0.00;0;
211;1;105;41;10.50;12.60;-9.00;4.90;2.80;-1;0;44.51;37.00;0.00;0;
211;1;106;41;9.80;12.40;-9.00;5.70;2.93;-1;0;45.18;36.00;0.00;0;
211;1;107;41;3.60;9.10;-9.00;4.80;1.33;-1;0;45.63;34.00;0.00;0;
211;1;108;41;5.20;7.70;-9.00;3.30;2.75;-1;0;46.09;35.00;0.00;0;
211;1;109;41;2.80;6.70;-9.00;3.90;1.53;-1;0;46.17;34.00;0.00;0;
211;1;110;41;10.40;12.80;-9.00;6.10;2.68;-1;0;46.62;34.00;0.00;0;
211;1;111;41;3.80;6.90;-9.00;4.50;1.03;-1;0;48.19;33.00;0.00;0;
211;1;112;41;9.00;9.20;-9.00;3.10;3.10;-1;0;51.78;31.00;0.00;0;
211;1;113;41;6.20;11.50;-9.00;5.60;2.18;-1;0;49.23;33.00;0.00;0;
211;1;114;41;8.00;12.40;-9.00;4.70;2.38;-1;0;49.22;34.00;0.00;0;
211;1;115;41;8.50;12.30;-9.00;6.00;2.40;-1;0;49.62;35.00;0.00;0;
211;1;116;41;12.10;12.50;-9.00;4.60;3.73;-1;0;48.31;34.00;0.00;0;
211;1;117;41;11.40;14.10;-9.00;6.90;2.70;-1;0;48.43;35.00;0.00;0;
211;1;118;41;4.70;7.70;-9.00;4.20;2.10;-1;0;48.93;39.00;0.00;0;
211;1;119;41;4.90;8.30;-9.00;4.30;2.30;-1;0;47.54;39.00;0.00;0;
211;1;120;41;4.50;7.50;-9.00;4.30;2.33;-1;0;46.65;40.00;0.00;0;
211;1;121;41;8.60;12.20;-9.00;5.70;2.45;-1;0;44.82;43.00;0.00;0;
211;1;122;41;6.80;8.50;-9.00;4.90;2.23;-1;0;44.53;44.00;0.00;0;
211;1;123;41;12.30;12.30;-9.00;5.60;2.55;-1;0;46.77;41.00;0.00;0;
211;1;125;41;4.50;8.50;-9.00;4.40;1.65;-1;0;40.78;22.00;0.00;0;
211;1;126;41;8.60;11.14;-9.00;5.05;2.59;-1;0;51.83;29.00;0.00;0;
211;1;127;41;3.60;8.49;-9.00;4.16;0.91;-1;0;51.31;29.00;0.00;0;
211;1;128;41;8.00;11.30;-9.00;5.30;2.42;-1;0;39.63;46.00;0.00;0;
211;1;129;41;7.80;10.80;-9.00;4.50;2.36;-1;0;40.12;47.00;0.00;0;
211;1;130;41;7.60;11.60;-9.00;5.46;2.30;-1;0;50.64;27.00;0.00;0;
211;1;131;41;6.30;9.52;-9.00;4.33;1.88;-1;0;50.89;26.00;0.00;0;
211;1;132;41;5.50;8.15;-9.00;3.58;1.60;-1;0;51.48;27.00;0.00;0;
211;1;133;41;6.00;10.11;-9.00;4.75;1.78;-1;0;52.62;26.00;0.00;0;
211;1;134;41;5.20;11.73;-9.00;5.99;1.50;-1;0;53.12;26.00;0.00;0;
211;1;135;41;15.50;13.65;-9.00;5.96;4.13;-1;0;55.07;25.00;0.00;0;
211;1;136;41;9.80;10.08;-9.00;4.33;2.92;-1;0;55.31;24.00;0.00;0;
211;1;137;41;4.80;9.31;-9.00;4.44;1.35;-1;0;54.20;25.00;0.00;0;
211;1;138;41;12.40;14.60;-9.00;6.73;3.53;-1;0;51.91;24.00;0.00;0;
211;1;139;41;13.00;14.92;-9.00;6.86;3.65;-1;0;51.88;24.00;0.00;0;
211;1;140;41;7.90;8.69;-9.00;3.67;2.39;-1;0;54.12;21.00;0.00;0;
211;1;141;41;11.00;11.74;-9.00;5.19;3.21;-1;0;57.68;20.00;0.00;0;
211;1;142;41;7.00;10.97;-9.00;5.15;2.11;-1;0;58.36;20.00;0.00;0;
211;1;143;41;13.80;12.03;-9.00;5.17;3.81;-1;0;59.29;19.00;0.00;0;
211;1;144;41;6.30;10.45;-9.00;4.92;1.88;-1;0;58.11;17.00;0.00;0;
211;1;145;41;4.90;6.43;-9.00;2.59;1.39;-1;0;57.51;17.00;0.00;0;
211;1;146;41;9.60;14.58;-9.00;7.04;2.86;-1;0;56.46;17.00;0.00;0;
211;1;147;41;13.10;13.51;-9.00;6.05;3.67;-1;0;56.93;16.00;0.00;0;
211;1;148;41;4.80;8.81;-9.00;4.11;1.35;-1;0;54.83;18.00;0.00;0;
211;1;150;41;16.80;14.34;-9.00;6.26;4.36;-1;0;52.12;14.00;0.00;0;
211;1;151;41;9.30;11.34;-9.00;5.10;2.79;-1;0;52.72;15.00;0.00;0;
211;1;152;41;9.40;13.11;-9.00;6.16;2.81;-1;0;52.32;15.00;0.00;0;
211;1;153;41;9.30;9.69;-9.00;4.14;2.79;-1;0;51.88;14.00;0.00;0;
211;1;155;41;12.30;14.34;-9.00;6.59;3.51;-1;0;52.00;19.00;0.00;0;
211;1;156;41;15.10;12.87;-9.00;5.56;4.06;-1;0;50.57;20.00;0.00;0;
211;1;157;41;8.80;10.11;-9.00;4.42;2.65;-1;0;51.43;19.00;0.00;0;
211;1;158;41;15.30;15.11;-9.00;6.79;4.09;-1;0;50.74;18.00;0.00;0;
211;1;159;41;9.10;12.11;-9.00;5.59;2.73;-1;0;49.93;18.00;0.00;0;
211;1;160;41;8.90;10.97;-9.00;4.92;2.68;-1;0;50.19;24.00;0.00;0;
211;1;161;41;13.10;12.95;-9.00;5.72;3.67;-1;0;50.26;26.00;0.00;0;
211;1;166;41;5.30;8.52;-9.00;3.84;1.53;-1;0;47.91;20.00;0.00;0;
211;1;168;41;16.40;14.98;-9.00;6.64;4.29;-1;0;46.08;18.00;0.00;0;
211;1;169;41;7.30;9.32;-9.00;4.09;2.20;-1;0;46.41;18.00;0.00;0;
211;1;170;41;4.10;9.07;-9.00;4.43;1.10;-1;0;48.48;17.00;0.00;0;
211;1;171;41;12.90;10.49;-9.00;4.37;3.63;-1;0;50.25;15.00;0.00;0;
211;1;172;41;14.90;11.28;-9.00;4.71;4.02;-1;0;50.47;14.00;0.00;0;
211;1;173;41;7.20;11.56;-9.00;5.49;2.17;-1;0;51.79;13.00;0.00;0;
211;1;174;41;6.90;9.77;-9.00;4.41;2.08;-1;0;50.68;13.00;0.00;0;
211;1;177;41;12.80;11.93;-9.00;5.18;3.61;-1;0;45.95;13.00;0.00;0;
211;1;183;41;9.20;10.69;-9.00;4.73;2.76;-1;0;43.08;24.00;0.00;0;
211;1;199;41;5.70;8.63;-9.00;3.86;1.67;-1;0;41.32;13.00;0.00;0;
211;1;201;41;10.90;14.00;-9.00;6.53;3.19;-1;0;38.75;16.00;0.00;0;
211;1;202;41;4.00;9.57;-9.00;4.81;1.06;-1;0;39.43;16.00;0.00;0;
211;1;211;41;5.90;10.39;-9.00;4.94;1.74;-1;0;35.30;14.00;0.00;0;
211;1;212;41;7.90;10.75;-9.00;4.89;2.39;-1;0;34.98;14.00;0.00;0;
211;1;213;41;9.40;10.27;-9.00;4.46;2.81;-1;0;35.49;13.00;0.00;0;
211;1;214;41;10.60;12.99;-9.00;5.95;3.12;-1;0;36.01;13.00;0.00;0;
211;1;215;41;11.80;13.61;-9.00;6.21;3.40;-1;0;35.96;12.00;0.00;0;
211;1;216;41;6.50;11.21;-9.00;5.37;1.94;-1;0;38.72;13.00;0.00;0;
211;1;217;41;13.50;13.62;-9.00;6.08;3.75;-1;0;38.84;12.00;0.00;0;
211;1;218;41;6.80;10.98;-9.00;5.18;2.04;-1;0;39.20;12.00;0.00;0;
211;1;220;41;5.60;7.69;-9.00;3.28;1.64;-1;0;39.56;7.00;0.00;0;
211;1;221;41;4.70;10.16;-9.00;5.03;1.32;-1;0;39.49;7.00;0.00;0;
211;1;222;41;15.10;13.46;-9.00;5.88;4.06;-1;0;39.15;6.00;0.00;0;
211;1;224;41;13.20;11.72;-9.00;5.03;3.69;-1;0;34.23;2.00;0.00;0;
211;1;225;41;7.20;9.93;-9.00;4.48;2.17;-1;0;33.25;2.00;0.00;0;
211;1;226;41;15.70;12.62;-9.00;5.39;4.17;-1;0;32.75;1.00;0.00;0;
211;1;227;41;6.40;11.52;-9.00;5.59;1.91;-1;0;32.23;2.00;0.00;0;
211;1;228;41;13.10;14.47;-9.00;6.59;3.67;-1;0;32.47;4.00;0.00;0;
211;1;229;41;11.30;12.90;-9.00;5.84;3.28;-1;0;31.41;4.00;0.00;0;
211;1;230;41;8.30;13.46;-9.00;6.52;2.51;-1;0;31.22;4.00;0.00;0;
211;1;231;41;8.30;12.18;-9.00;5.72;2.51;-1;0;31.53;3.00;0.00;0;
211;1;233;41;8.30;9.23;-9.00;3.95;2.51;-1;0;28.97;4.00;0.00;0;
211;1;234;41;11.60;13.72;-9.00;6.29;3.35;-1;0;28.99;4.00;0.00;0;
211;1;235;41;9.80;10.70;-9.00;4.69;2.92;-1;0;30.74;5.00;0.00;0;
211;1;237;41;13.80;14.06;-9.00;6.30;3.81;-1;0;34.23;6.00;0.00;0;
211;1;238;41;5.90;10.77;-9.00;5.19;1.74;-1;0;38.35;11.00;0.00;0;
211;1;239;41;6.70;11.59;-9.00;5.58;2.01;-1;0;38.38;12.00;0.00;0;
211;1;240;41;8.90;13.18;-9.00;6.26;2.68;-1;0;37.84;12.00;0.00;0;
211;1;241;41;12.90;12.49;-9.00;5.48;3.63;-1;0;32.11;11.00;0.00;0;
211;1;271;41;5.20;9.59;-9.00;4.54;1.50;-1;0;16.85;45.00;0.00;0;
211;1;272;41;12.10;11.50;-9.00;4.98;3.46;-1;0;14.87;44.00;0.00;0;
211;1;273;41;6.30;10.30;-9.00;4.82;1.88;-1;0;14.32;45.00;0.00;0;
211;1;274;41;7.50;12.72;-9.00;6.18;2.27;-1;0;14.69;44.00;0.00;0;
211;1;275;41;5.60;10.49;-9.00;5.06;1.64;-1;0;14.13;45.00;0.00;0;
211;1;278;41;16.80;13.90;-9.00;6.02;4.36;-1;0;13.00;48.00;0.00;0;
211;1;279;41;6.00;9.16;-9.00;4.15;1.78;-1;0;13.25;47.00;0.00;0;
211;1;280;41;12.20;10.88;-9.00;4.62;3.48;-1;0;13.82;46.00;0.00;0;
211;1;281;41;4.50;9.92;-9.00;4.92;1.24;-1;0;7.64;43.00;0.00;0;
211;1;282;41;5.70;12.47;-9.00;6.38;1.67;-1;0;5.13;43.00;0.00;0;
211;1;283;41;3.20;6.80;-9.00;3.09;0.77;-1;0;4.89;43.00;0.00;0;
211;1;284;41;7.50;12.85;-9.00;6.26;2.27;-1;0;5.00;42.00;0.00;0;
211;1;285;41;4.60;10.11;-9.00;5.02;1.28;-1;0;4.88;42.00;0.00;0;
211;1;289;41;9.50;11.89;-9.00;5.41;2.84;-1;0;15.17;35.00;0.00;0;
211;1;291;41;5.70;8.25;-9.00;3.61;1.67;-1;0;16.09;33.00;0.00;0;
211;1;293;41;5.40;8.70;-9.00;3.94;1.57;-1;0;17.86;32.00;0.00;0;
211;1;294;41;13.90;13.40;-9.00;5.92;3.83;-1;0;17.83;30.00;0.00;0;
211;1;295;41;10.10;14.66;-9.00;7.02;2.99;-1;0;17.22;30.00;0.00;0;
211;1;296;41;18.80;16.31;-9.00;7.22;4.69;-1;0;21.06;29.00;0.00;0;
211;1;298;41;5.70;11.48;-9.00;5.70;1.67;-1;0;19.94;26.00;0.00;0;
211;1;300;41;8.10;12.42;-9.00;5.90;2.45;-1;0;23.94;24.00;0.00;0;
211;1;301;41;7.30;10.43;-9.00;4.77;2.20;-1;0;23.62;24.00;0.00;0;
211;1;310;41;5.60;10.79;-9.00;5.26;1.64;-1;0;25.75;10.00;0.00;0;
211;1;311;41;9.10;13.24;-9.00;6.27;2.73;-1;0;25.10;9.00;0.00;0;
211;1;312;41;11.50;14.06;-9.00;6.50;3.33;-1;0;26.20;7.00;0.00;0;
211;1;314;41;10.80;13.03;-9.00;5.96;3.17;-1;0;22.33;13.00;0.00;0;
211;1;319;41;10.20;13.06;-9.00;6.04;3.02;-1;0;17.97;21.00;0.00;0;
211;1;320;41;7.00;11.80;-9.00;5.67;2.11;-1;0;17.79;21.00;0.00;0;
211;1;323;41;13.10;9.18;-9.00;3.66;3.67;-1;0;17.81;24.00;0.00;0;
211;1;324;41;11.90;13.23;-9.00;5.98;3.42;-1;0;17.79;25.00;0.00;0;
211;1;325;41;14.90;14.11;-9.00;6.25;4.02;-1;0;17.33;24.00;0.00;0;
211;1;327;41;5.00;9.72;-9.00;4.67;1.43;-1;0;16.04;24.00;0.00;0;
211;1;328;41;11.10;13.08;-9.00;5.96;3.24;-1;0;15.75;24.00;0.00;0;
211;1;329;41;4.10;7.83;-9.00;3.60;1.10;-1;0;15.66;24.00;0.00;0;
211;1;330;41;7.10;8.20;-9.00;3.45;2.14;-1;0;14.50;23.00;0.00;0;
211;1;331;41;10.80;12.31;-9.00;5.54;3.17;-1;0;12.68;26.00;0.00;0;
211;1;332;41;10.10;12.39;-9.00;5.65;2.99;-1;0;12.16;26.00;0.00;0;
211;1;333;41;14.20;11.78;-9.00;5.01;3.89;-1;0;12.64;27.00;0.00;0;
211;1;335;41;11.10;13.35;-9.00;6.12;3.24;-1;0;15.49;25.00;0.00;0;
211;1;336;41;6.50;14.05;-9.00;7.26;1.94;-1;0;15.57;28.00;0.00;0;
211;1;337;41;7.80;10.80;-9.00;4.94;2.36;-1;0;14.25;30.00;0.00;0;
211;1;338;41;9.10;10.39;-9.00;4.56;2.73;-1;0;12.03;28.00;0.00;0;
211;1;339;41;5.90;12.46;-9.00;6.32;1.74;-1;0;11.21;27.00;0.00;0;
211;1;341;41;10.70;13.64;-9.00;6.33;3.14;-1;0;9.92;34.00;0.00;0;
211;1;342;41;5.80;9.22;-9.00;4.21;1.71;-1;0;9.44;34.00;0.00;0;
211;1;344;41;5.00;9.61;-9.00;4.60;1.43;-1;0;9.37;37.00;0.00;0;
211;1;345;41;7.40;10.58;-9.00;4.84;2.23;-1;0;9.03;37.00;0.00;0;
211;1;346;41;5.10;8.43;-9.00;3.81;1.46;-1;0;8.92;38.00;0.00;0;
211;1;349;41;8.10;12.39;-9.00;5.88;2.45;-1;0;6.42;38.00;0.00;0;
211;1;350;41;12.50;13.12;-9.00;5.86;3.55;-1;0;5.09;38.00;0.00;0;
211;1;351;41;18.20;13.71;-9.00;5.85;4.59;-1;0;4.51;38.00;0.00;0;
211;1;352;41;13.80;12.41;-9.00;5.38;3.81;-1;0;4.75;39.00;0.00;0;
211;1;353;41;9.20;10.46;-9.00;4.59;2.76;-1;0;1.48;41.00;0.00;0;
211;1;354;41;4.50;10.63;-9.00;5.41;1.24;-1;0;2.82;39.00;0.00;0;
211;1;357;41;5.70;12.11;-9.00;6.13;1.67;-1;0;19.84;50.00;0.00;0;
211;1;359;41;8.80;14.10;-9.00;6.86;2.65;-1;0;21.86;47.00;0.00;0;
211;1;361;41;15.10;12.48;-9.00;5.34;4.06;-1;0;22.73;46.00;0.00;0;
211;1;365;41;11.90;12.38;-9.00;5.49;3.42;-1;0;26.57;47.00;0.00;0;
211;1;370;41;10.90;12.18;-9.00;5.45;3.19;-1;0;28.81;42.00;0.00;0;
211;1;373;41;7.60;10.44;-9.00;4.74;2.30;-1;0;29.49;42.00;0.00;0;
211;1;386;41;5.90;9.15;-9.00;4.15;1.74;-1;0;23.61;50.00;0.00;0;
211;1;390;41;5.10;7.09;-9.00;2.97;1.46;-1;0;27.53;55.00;0.00;0;
211;1;398;41;12.80;12.90;-9.00;5.00;3.61;-1;0;47.90;26.00;0.00;0;
211;1;399;41;11.10;11.70;-9.00;4.10;3.24;-1;0;51.98;23.00;0.00;0;
211;1;400;41;9.40;12.60;-9.00;5.40;2.81;-1;0;50.66;28.00;0.00;0;
211;1;401;41;7.40;11.00;-9.00;5.20;2.23;-1;0;50.92;29.00;0.00;0;
211;1;403;41;8.40;11.70;-9.00;5.50;2.53;-1;0;51.71;31.00;0.00;0;
211;1;404;41;5.60;7.86;-9.00;3.39;1.64;-1;0;37.45;45.00;0.00;0;
211;1;405;41;3.80;8.99;-9.00;4.46;0.99;-1;0;37.63;46.00;0.00;0;
211;1;406;41;4.50;11.66;-9.00;6.15;1.24;-1;0;36.18;47.00;0.00;0;
211;1;409;41;6.30;11.61;-9.00;5.67;1.88;-1;0;34.89;52.00;0.00;0;
211;1;410;41;3.80;7.74;-9.00;3.59;0.99;-1;0;35.20;52.00;0.00;0;
211;1;411;41;9.00;10.84;-9.00;4.83;2.70;-1;0;36.68;51.00;0.00;0;
211;1;413;41;3.30;4.93;-9.00;1.85;0.80;-1;0;35.33;53.00;0.00;0;
211;1;414;41;7.40;12.12;-9.00;5.81;2.23;-1;0;35.30;54.00;0.00;0;
211;1;416;41;6.10;10.35;-9.00;4.88;1.81;-1;0;37.30;54.00;0.00;0;
211;1;417;41;8.00;11.94;-9.00;5.61;2.42;-1;0;35.72;55.00;0.00;0;
211;1;418;41;3.90;8.11;-9.00;3.82;1.02;-1;0;34.76;54.00;0.00;0;
211;1;422;41;7.50;9.57;-9.00;4.22;2.27;-1;0;32.97;58.00;0.00;0;
211;1;425;41;17.90;12.46;-9.00;5.20;4.54;-1;0;39.21;52.00;0.00;0;
211;1;428;41;3.40;6.14;-9.00;2.61;0.84;-1;0;38.05;50.00;0.00;0;
211;1;429;41;6.50;9.13;-9.00;4.06;1.94;-1;0;38.96;49.00;0.00;0;
211;1;431;41;4.00;5.17;-9.00;1.92;1.06;-1;0;36.39;46.00;0.00;0;
211;1;503;41;13.00;11.58;-9.00;4.97;3.65;-1;0;53.13;25.00;0.00;0;
211;1;506;41;6.00;6.91;-9.00;2.78;1.78;-1;0;58.75;21.00;0.00;0;
211;1;509;41;8.50;12.27;-9.00;5.75;2.56;-1;0;50.88;21.00;0.00;0;
211;1;533;41;7.00;10.74;-9.00;5.00;2.11;-1;0;31.94;10.00;0.00;0;
211;1;534;41;13.00;11.67;-9.00;5.02;3.65;-1;0;32.23;10.00;0.00;0;
211;1;535;41;11.00;11.37;-9.00;4.98;3.21;-1;0;31.22;10.00;0.00;0;
211;1;571;41;9.00;12.02;-9.00;5.54;2.70;-1;0;23.75;23.00;0.00;0;
211;1;596;41;10.00;14.50;-9.00;6.93;2.97;-1;0;11.12;35.00;0.00;0;
511;1;1;31;9.00;13.20;-9.00;7.30;2.25;-1;0;27.98;37.00;0.00;0;
511;1;2;31;10.70;12.50;-9.00;6.90;2.25;-1;0;28.60;35.00;0.00;0;
511;1;3;31;9.00;12.10;-9.00;7.10;1.85;-1;0;29.92;35.00;0.00;0;
511;1;4;31;11.60;14.10;-9.00;8.60;2.25;-1;0;31.38;34.00;0.00;0;
511;1;8;31;18.50;15.50;-9.00;6.80;2.90;-1;0;31.78;30.00;0.00;0;
511;1;9;31;18.90;15.30;-9.00;6.50;3.05;-1;0;32.53;29.00;0.00;0;
511;1;11;31;19.10;14.80;-9.00;6.50;3.83;-1;0;33.53;26.00;0.00;0;
511;1;12;31;11.60;13.20;-9.00;7.10;2.55;-1;0;34.89;26.00;0.00;0;
511;1;14;31;13.90;12.40;-9.00;6.60;2.73;-1;0;35.83;25.00;0.00;0;
511;1;15;31;7.90;9.30;-9.00;6.10;1.35;-1;0;37.97;26.00;0.00;0;
511;1;16;31;19.90;15.30;-9.00;6.10;3.55;-1;0;37.71;25.00;0.00;0;
511;1;17;31;14.60;12.50;-9.00;7.20;2.80;-1;0;38.43;24.00;0.00;0;
511;1;18;31;23.30;17.00;-9.00;7.80;3.58;-1;0;37.30;22.00;0.00;0;
511;1;24;31;8.00;9.20;-9.00;5.60;1.58;-1;0;43.85;28.00;0.00;0;
511;1;25;31;23.80;15.40;-9.00;6.60;3.25;-1;0;43.29;29.00;0.00;0;
511;1;26;31;25.10;14.80;-9.00;7.30;3.45;-1;0;41.82;31.00;0.00;0;
511;1;44;31;17.50;15.00;-9.00;7.50;2.65;-1;0;35.73;35.00;0.00;0;
511;1;45;31;10.00;12.30;-9.00;7.70;1.78;-1;0;34.65;35.00;0.00;0;
511;1;47;31;13.60;13.10;-9.00;7.70;2.58;-1;0;33.12;35.00;0.00;0;
511;1;48;31;19.90;15.90;-9.00;7.80;3.28;-1;0;34.99;36.00;0.00;0;
511;1;49;31;14.50;14.10;-9.00;7.10;2.68;-1;0;31.76;36.00;0.00;0;
511;1;50;31;18.60;14.00;-9.00;6.90;3.08;-1;0;30.18;38.00;0.00;0;
511;1;51;31;12.80;12.20;-9.00;7.00;2.63;-1;0;32.50;39.00;0.00;0;
511;1;52;31;17.70;12.60;-9.00;7.40;2.90;-1;0;33.66;40.00;0.00;0;
511;1;53;31;14.40;14.00;-9.00;8.20;2.48;-1;0;34.98;42.00;0.00;0;
511;1;54;31;15.40;14.40;-9.00;7.80;2.68;-1;0;35.11;40.00;0.00;0;
511;1;57;31;11.90;13.00;-9.00;8.00;2.00;-1;0;35.27;38.00;0.00;0;
511;1;58;31;14.10;14.00;-9.00;7.90;2.13;-1;0;36.73;38.00;0.00;0;
511;1;59;31;14.80;13.10;-9.00;8.30;2.28;-1;0;36.93;36.00;0.00;0;
511;1;63;31;24.40;14.30;-9.00;6.90;3.33;-1;0;39.88;35.00;0.00;0;
511;1;68;31;10.00;11.70;-9.00;7.70;1.73;-1;0;41.12;32.00;0.00;0;
511;1;69;31;19.80;15.70;-9.00;7.60;2.78;-1;0;43.19;33.00;0.00;0;
511;1;70;31;14.60;14.10;-9.00;8.50;2.18;-1;0;44.01;31.00;0.00;0;
511;1;71;31;16.90;14.30;-9.00;6.50;3.18;-1;0;45.25;28.00;0.00;0;
511;1;72;31;18.70;15.20;-9.00;7.80;2.70;-1;0;46.86;30.00;0.00;0;
511;1;73;31;25.80;18.00;-9.00;7.90;4.68;-1;0;48.42;30.00;0.00;0;
511;1;75;31;11.20;11.00;-9.00;7.70;2.00;-1;0;46.35;31.00;0.00;0;
511;1;76;31;9.90;12.50;-9.00;8.10;1.73;-1;0;45.93;33.00;0.00;0;
511;1;83;31;26.10;16.60;-9.00;7.10;3.98;-1;0;40.85;38.00;0.00;0;
511;1;85;31;9.20;12.00;-9.00;7.50;1.65;-1;0;39.17;39.00;0.00;0;
511;1;86;31;9.40;12.80;-9.00;8.40;1.80;-1;0;40.17;40.00;0.00;0;
511;1;88;31;13.00;14.20;-9.00;7.60;2.23;-1;0;39.93;42.00;0.00;0;
511;1;89;31;29.70;15.80;-9.00;7.80;3.58;-1;0;37.85;42.00;0.00;0;
511;1;92;31;15.80;15.10;-9.00;8.50;2.13;-1;0;37.49;44.00;0.00;0;
511;1;93;31;18.60;13.80;-9.00;8.20;2.80;-1;0;38.59;45.00;0.00;0;
511;1;124;31;12.80;11.20;-9.00;7.70;2.13;-1;0;36.35;41.00;0.00;0;
511;1;154;31;11.90;12.42;-9.00;7.36;2.21;-1;0;53.07;18.00;0.00;0;
511;1;162;31;23.60;15.60;-9.00;8.30;3.47;-1;0;37.23;46.00;0.00;0;
511;1;163;31;19.00;15.70;-9.00;7.90;2.97;-1;0;35.48;45.00;0.00;0;
511;1;164;31;8.60;12.10;-9.00;7.30;1.86;-1;0;33.53;42.00;0.00;0;
511;1;165;31;15.70;15.90;-9.00;8.79;2.62;-1;0;46.99;23.00;0.00;0;
511;1;167;31;19.90;14.57;-9.00;7.09;3.07;-1;0;45.20;22.00;0.00;0;
511;1;175;31;9.60;13.39;-9.00;8.70;1.97;-1;0;47.66;12.00;0.00;0;
511;1;176;31;6.70;8.88;-9.00;6.13;1.66;-1;0;48.47;14.00;0.00;0;
511;1;178;31;12.50;14.28;-9.00;8.51;2.28;-1;0;45.37;15.00;0.00;0;
511;1;179;31;19.90;14.12;-9.00;6.84;3.07;-1;0;44.97;13.00;0.00;0;
511;1;180;31;15.60;16.05;-9.00;8.91;2.61;-1;0;42.38;17.00;0.00;0;
511;1;181;31;21.80;16.06;-9.00;7.56;3.28;-1;0;42.82;19.00;0.00;0;
511;1;182;31;18.40;16.90;-9.00;8.78;2.91;-1;0;41.77;22.00;0.00;0;
511;1;184;31;14.80;12.01;-9.00;6.52;2.52;-1;0;42.09;23.00;0.00;0;
511;1;185;31;11.50;13.12;-9.00;7.95;2.17;-1;0;40.28;23.00;0.00;0;
511;1;186;31;22.30;15.77;-9.00;7.31;3.33;-1;0;40.00;21.00;0.00;0;
511;1;187;31;11.50;13.62;-9.00;8.30;2.17;-1;0;41.13;18.00;0.00;0;
511;1;188;31;23.50;15.09;-9.00;6.74;3.46;-1;0;39.17;18.00;0.00;0;
511;1;189;31;11.70;13.50;-9.00;8.17;2.19;-1;0;42.10;16.00;0.00;0;
511;1;190;31;15.00;14.13;-9.00;7.80;2.55;-1;0;41.94;14.00;0.00;0;
511;1;191;31;16.60;14.02;-9.00;7.40;2.72;-1;0;43.21;13.00;0.00;0;
511;1;192;31;18.30;14.74;-9.00;7.49;2.90;-1;0;44.60;12.00;0.00;0;
511;1;193;31;13.40;13.91;-9.00;8.02;2.37;-1;0;46.70;11.00;0.00;0;
511;1;194;31;12.60;14.11;-9.00;8.36;2.29;-1;0;46.10;10.00;0.00;0;
511;1;195;31;12.40;13.51;-9.00;7.99;2.27;-1;0;43.42;8.00;0.00;0;
511;1;196;31;15.80;14.03;-9.00;7.57;2.63;-1;0;42.67;11.00;0.00;0;
511;1;197;31;23.60;16.16;-9.00;7.27;3.47;-1;0;42.13;8.00;0.00;0;
511;1;198;31;6.30;8.90;-9.00;6.27;1.61;-1;0;41.28;12.00;0.00;0;
511;1;200;31;12.60;11.78;-9.00;6.79;2.29;-1;0;38.54;15.00;0.00;0;
511;1;203;31;17.80;15.00;-9.00;7.74;2.85;-1;0;37.04;17.00;0.00;0;
511;1;204;31;12.00;13.80;-9.00;8.30;2.22;-1;0;38.16;20.00;0.00;0;
511;1;205;31;10.00;11.87;-9.00;7.45;2.01;-1;0;36.32;20.00;0.00;0;
511;1;206;31;8.30;8.27;-9.00;5.32;1.83;-1;0;37.85;19.00;0.00;0;
511;1;207;31;18.80;14.21;-9.00;7.09;2.95;-1;0;35.70;18.00;0.00;0;
511;1;208;31;12.90;12.86;-9.00;7.43;2.32;-1;0;34.35;19.00;0.00;0;
511;1;209;31;17.70;15.41;-9.00;8.01;2.84;-1;0;32.85;19.00;0.00;0;
511;1;210;31;16.20;13.78;-9.00;7.32;2.67;-1;0;33.77;16.00;0.00;0;
511;1;219;31;21.00;14.07;-9.00;6.63;3.19;-1;0;38.64;9.00;0.00;0;
511;1;223;31;7.10;11.40;-9.00;8.00;1.70;-1;0;35.31;3.00;0.00;0;
511;1;232;31;15.80;15.28;-9.00;8.35;2.63;-1;0;30.47;2.00;0.00;0;
511;1;236;31;9.70;12.78;-9.00;8.21;1.98;-1;0;32.62;7.00;0.00;0;
511;1;242;31;18.70;15.72;-9.00;7.99;2.94;-1;0;30.77;12.00;0.00;0;
511;1;243;31;14.50;14.90;-9.00;8.42;2.49;-1;0;28.68;11.00;0.00;0;
511;1;244;31;16.30;15.51;-9.00;8.39;2.69;-1;0;27.78;13.00;0.00;0;
511;1;245;31;18.50;12.12;-9.00;5.98;2.92;-1;0;28.92;17.00;0.00;0;
511;1;246;31;22.20;16.00;-9.00;7.40;3.32;-1;0;26.28;34.00;0.00;0;
511;1;247;31;11.00;13.00;-9.00;8.20;2.12;-1;0;27.72;32.00;0.00;0;
511;1;248;31;16.90;14.90;-9.00;6.90;2.75;-1;0;27.38;31.00;0.00;0;
511;1;249;31;8.90;12.83;-9.00;8.50;1.89;-1;0;31.86;23.00;0.00;0;
511;1;250;31;22.90;15.10;-9.00;6.84;3.39;-1;0;30.32;23.00;0.00;0;
511;1;251;31;12.80;14.10;-9.00;7.30;2.31;-1;0;30.04;30.00;0.00;0;
511;1;252;31;16.70;12.10;-9.00;7.60;2.73;-1;0;33.76;24.00;0.00;0;
511;1;253;31;17.10;14.60;-9.00;8.90;2.77;-1;0;34.52;22.00;0.00;0;
511;1;254;31;20.00;15.85;-9.00;7.80;3.08;-1;0;26.52;29.00;0.00;0;
511;1;255;31;16.50;14.00;-9.00;7.40;2.71;-1;0;24.52;32.00;0.00;0;
511;1;256;31;17.50;13.84;-9.00;7.11;2.81;-1;0;24.55;34.00;0.00;0;
511;1;257;31;15.40;14.89;-9.00;8.20;2.59;-1;0;22.86;35.00;0.00;0;
511;1;258;31;7.70;11.93;-9.00;8.21;1.76;-1;0;23.57;37.00;0.00;0;
511;1;259;31;16.60;15.20;-9.00;7.90;2.72;-1;0;36.72;21.00;0.00;0;
511;1;260;31;14.90;13.89;-9.00;7.66;2.54;-1;0;24.17;40.00;0.00;0;
511;1;261;31;21.90;15.21;-9.00;7.08;3.29;-1;0;21.73;39.00;0.00;0;
511;1;262;31;15.50;14.79;-9.00;8.11;2.60;-1;0;19.73;38.00;0.00;0;
511;1;263;31;18.90;15.30;-9.00;7.70;2.96;-1;0;18.16;42.00;0.00;0;
511;1;264;31;14.20;12.71;-9.00;7.06;2.46;-1;0;17.53;43.00;0.00;0;
511;1;265;31;12.00;12.46;-9.00;7.37;2.22;-1;0;20.18;42.00;0.00;0;
511;1;266;31;21.10;16.24;-9.00;7.80;3.20;-1;0;22.47;42.00;0.00;0;
511;1;267;31;21.30;16.31;-9.00;7.80;3.22;-1;0;24.66;43.00;0.00;0;
511;1;268;31;10.40;10.63;-9.00;6.49;2.05;-1;0;25.99;43.00;0.00;0;
511;1;269;31;9.10;10.07;-9.00;6.39;1.91;-1;0;20.47;45.00;0.00;0;
511;1;270;31;25.00;15.30;-9.00;6.59;3.62;-1;0;17.87;46.00;0.00;0;
511;1;276;31;24.40;15.43;-9.00;6.75;3.55;-1;0;14.86;47.00;0.00;0;
511;1;277;31;13.40;14.20;-9.00;8.22;2.37;-1;0;16.58;47.00;0.00;0;
511;1;286;31;26.40;15.32;-9.00;6.37;3.77;-1;0;10.44;40.00;0.00;0;
511;1;287;31;26.30;16.58;-9.00;7.00;3.76;-1;0;14.10;38.00;0.00;0;
511;1;288;31;21.80;14.07;-9.00;6.50;3.28;-1;0;13.02;34.00;0.00;0;
511;1;290;31;25.60;15.62;-9.00;6.64;3.68;-1;0;17.63;34.00;0.00;0;
511;1;292;31;30.20;17.72;-9.00;6.82;4.18;-1;0;14.89;32.00;0.00;0;
511;1;297;31;13.90;12.85;-9.00;7.21;2.43;-1;0;19.72;28.00;0.00;0;
511;1;299;31;22.30;16.50;-9.00;7.71;3.33;-1;0;20.85;23.00;0.00;0;
511;1;302;31;16.00;13.06;-9.00;6.93;2.65;-1;0;25.47;22.00;0.00;0;
511;1;303;31;22.60;14.38;-9.00;6.52;3.36;-1;0;23.51;21.00;0.00;0;
511;1;304;31;9.70;12.26;-9.00;7.82;1.98;-1;0;25.21;21.00;0.00;0;
511;1;305;31;19.70;15.69;-9.00;7.76;3.05;-1;0;26.78;20.00;0.00;0;
511;1;306;31;17.60;13.94;-9.00;7.15;2.82;-1;0;24.32;18.00;0.00;0;
511;1;307;31;22.50;15.24;-9.00;6.99;3.35;-1;0;25.60;15.00;0.00;0;
511;1;308;31;14.80;13.24;-9.00;7.27;2.52;-1;0;24.14;13.00;0.00;0;
511;1;309;31;14.00;13.24;-9.00;7.44;2.44;-1;0;24.38;10.00;0.00;0;
511;1;313;31;7.20;10.91;-9.00;7.57;1.71;-1;0;26.82;7.00;0.00;0;
511;1;315;31;8.20;12.33;-9.00;8.35;1.82;-1;0;21.30;14.00;0.00;0;
511;1;316;31;13.50;12.28;-9.00;6.93;2.39;-1;0;20.35;16.00;0.00;0;
511;1;317;31;14.30;13.09;-9.00;7.28;2.47;-1;0;21.82;17.00;0.00;0;
511;1;318;31;21.90;15.19;-9.00;7.07;3.29;-1;0;21.17;19.00;0.00;0;
511;1;334;31;14.30;14.19;-9.00;7.99;2.47;-1;0;15.64;26.00;0.00;0;
511;1;340;31;17.80;12.41;-9.00;6.24;2.85;-1;0;9.53;33.00;0.00;0;
511;1;343;31;23.40;15.77;-9.00;7.10;3.45;-1;0;9.70;36.00;0.00;0;
511;1;347;31;16.80;14.92;-9.00;7.91;2.74;-1;0;7.85;32.00;0.00;0;
511;1;348;31;9.30;12.48;-9.00;8.11;1.94;-1;0;6.27;34.00;0.00;0;
511;1;355;31;11.10;12.16;-9.00;7.38;2.13;-1;0;19.29;47.00;0.00;0;
511;1;356;31;13.30;14.98;-9.00;8.79;2.36;-1;0;17.14;49.00;0.00;0;
511;1;358;31;24.50;15.34;-9.00;6.69;3.56;-1;0;20.93;51.00;0.00;0;
511;1;360;31;21.70;12.95;-9.00;5.94;3.26;-1;0;21.16;47.00;0.00;0;
511;1;362;31;8.90;10.11;-9.00;6.47;1.89;-1;0;23.47;46.00;0.00;0;
511;1;363;31;13.30;12.79;-9.00;7.30;2.36;-1;0;24.37;47.00;0.00;0;
511;1;364;31;9.10;10.24;-9.00;6.51;1.91;-1;0;24.72;45.00;0.00;0;
511;1;366;31;12.90;12.60;-9.00;7.26;2.32;-1;0;26.53;46.00;0.00;0;
511;1;367;31;20.50;15.93;-9.00;7.74;3.14;-1;0;27.96;46.00;0.00;0;
511;1;368;31;10.10;10.54;-9.00;6.49;2.02;-1;0;27.48;45.00;0.00;0;
511;1;369;31;5.90;9.58;-9.00;6.95;1.57;-1;0;27.26;43.00;0.00;0;
511;1;371;31;11.10;10.30;-9.00;6.90;2.13;-1;0;40.38;23.00;0.00;0;
511;1;372;31;20.70;15.90;-9.00;6.80;3.16;-1;0;41.95;24.00;0.00;0;
511;1;374;31;11.80;13.82;-9.00;8.37;2.20;-1;0;28.95;45.00;0.00;0;
511;1;375;31;14.50;13.52;-9.00;7.52;2.49;-1;0;30.58;45.00;0.00;0;
511;1;376;31;12.10;12.92;-9.00;7.66;2.24;-1;0;32.26;45.00;0.00;0;
511;1;377;31;15.30;13.31;-9.00;7.22;2.58;-1;0;29.38;46.00;0.00;0;
511;1;378;31;12.80;13.62;-9.00;7.97;2.31;-1;0;30.90;46.00;0.00;0;
511;1;379;31;9.20;11.72;-9.00;7.57;1.92;-1;0;30.75;48.00;0.00;0;
511;1;380;31;11.20;11.59;-9.00;6.96;2.14;-1;0;29.07;48.00;0.00;0;
511;1;381;31;7.00;9.40;-9.00;6.45;1.69;-1;0;27.53;48.00;0.00;0;
511;1;382;31;7.80;11.23;-9.00;7.62;1.77;-1;0;27.90;49.00;0.00;0;
511;1;383;31;20.20;15.74;-9.00;7.69;3.10;-1;0;25.54;49.00;0.00;0;
511;1;384;31;13.80;12.87;-9.00;7.24;2.42;-1;0;26.24;50.00;0.00;0;
511;1;385;31;18.40;14.04;-9.00;7.06;2.91;-1;0;24.92;51.00;0.00;0;
511;1;387;31;19.90;13.46;-9.00;6.48;3.07;-1;0;23.29;51.00;0.00;0;
511;1;388;31;19.10;15.54;-9.00;7.80;2.99;-1;0;24.02;52.00;0.00;0;
511;1;389;31;22.40;15.01;-9.00;6.89;3.34;-1;0;23.86;55.00;0.00;0;
511;1;391;31;10.10;11.65;-9.00;7.27;2.02;-1;0;28.54;56.00;0.00;0;
511;1;392;31;25.30;13.60;-9.00;6.20;3.65;-1;0;28.30;51.00;0.00;0;
511;1;393;31;19.20;13.71;-9.00;6.74;3.00;-1;0;29.99;52.00;0.00;0;
511;1;394;31;22.80;16.32;-9.00;7.51;3.38;-1;0;31.35;49.00;0.00;0;
511;1;395;31;7.70;9.88;-9.00;6.61;1.76;-1;0;33.06;47.00;0.00;0;
511;1;396;31;15.10;14.00;-9.00;7.69;2.56;-1;0;44.23;26.00;0.00;0;
511;1;397;31;12.90;13.70;-9.00;7.00;2.32;-1;0;46.62;26.00;0.00;0;
511;1;402;31;5.50;5.20;-9.00;4.10;1.53;-1;0;50.70;30.00;0.00;0;
511;1;407;31;21.50;16.78;-9.00;8.02;3.24;-1;0;34.68;48.00;0.00;0;
511;1;408;31;14.70;12.26;-9.00;6.69;2.51;-1;0;34.47;49.00;0.00;0;
511;1;412;31;21.20;13.85;-9.00;6.48;3.21;-1;0;36.68;52.00;0.00;0;
511;1;415;31;4.90;7.19;-9.00;5.35;1.46;-1;0;36.26;54.00;0.00;0;
511;1;419;31;9.20;11.29;-9.00;7.24;1.92;-1;0;31.00;53.00;0.00;0;
511;1;420;31;18.60;13.36;-9.00;6.64;2.93;-1;0;30.21;54.00;0.00;0;
511;1;421;31;15.30;15.04;-9.00;8.32;2.58;-1;0;32.00;56.00;0.00;0;
511;1;423;31;12.50;12.01;-9.00;6.96;2.28;-1;0;32.70;59.00;0.00;0;
511;1;424;31;26.00;17.69;-9.00;7.61;3.73;-1;0;34.28;58.00;0.00;0;
511;1;426;31;10.70;13.56;-9.00;8.50;2.09;-1;0;39.90;50.00;0.00;0;
511;1;427;31;6.00;8.55;-9.00;6.08;1.58;-1;0;41.59;49.00;0.00;0;
511;1;514;31;11.10;12.81;-9.00;7.84;2.13;-1;0;46.67;21.00;0.00;0;
511;1;515;31;28.30;17.07;-9.00;6.87;3.97;-1;0;44.93;20.00;0.00;0;
511;1;516;31;11.70;11.67;-9.00;6.91;2.19;-1;0;43.26;20.00;0.00;0;
511;1;519;31;20.30;15.09;-9.00;7.30;3.11;-1;0;43.89;10.00;0.00;0;
511;1;521;31;20.30;16.45;-9.00;8.09;3.11;-1;0;39.22;7.00;0.00;0;
511;1;522;31;13.40;13.65;-9.00;7.85;2.37;-1;0;41.38;20.00;0.00;0;
511;1;523;31;11.70;12.34;-9.00;7.36;2.19;-1;0;38.92;17.00;0.00;0;
511;1;536;31;10.50;12.97;-9.00;8.12;2.06;-1;0;30.15;11.00;0.00;0;
511;1;541;31;9.90;12.38;-9.00;7.86;2.00;-1;0;31.68;21.00;0.00;0;
511;1;542;31;13.40;11.95;-9.00;6.74;2.37;-1;0;27.03;17.00;0.00;0;
511;1;545;31;22.00;16.05;-9.00;7.52;3.30;-1;0;24.27;14.00;0.00;0;
511;1;547;31;13.40;14.11;-9.00;8.15;2.37;-1;0;27.20;12.00;0.00;0;
511;1;554;31;12.20;14.51;-9.00;8.75;2.25;-1;0;21.39;15.00;0.00;0;
511;1;557;31;9.90;12.23;-9.00;7.74;2.00;-1;0;25.67;24.00;0.00;0;
511;1;560;31;5.30;8.55;-9.00;6.32;1.51;-1;0;28.34;27.00;0.00;0;
511;1;565;31;26.00;15.81;-9.00;6.67;3.73;-1;0;26.81;28.00;0.00;0;
511;1;566;31;11.10;11.83;-9.00;7.15;2.13;-1;0;28.10;28.00;0.00;0;
511;1;569;31;12.20;13.31;-9.00;7.91;2.25;-1;0;21.20;25.00;0.00;0;
511;1;573;31;19.20;14.03;-9.00;6.91;3.00;-1;0;24.69;20.00;0.00;0;
511;1;576;31;18.00;15.18;-9.00;7.81;2.87;-1;0;18.60;18.00;0.00;0;
511;1;577;31;15.70;15.54;-9.00;8.55;2.62;-1;0;17.29;18.00;0.00;0;
511;1;584;31;15.70;12.56;-9.00;6.68;2.62;-1;0;15.60;30.00;0.00;0;
511;1;590;31;19.20;13.80;-9.00;6.78;3.00;-1;0;20.90;37.00;0.00;0;
511;1;592;31;12.20;12.67;-9.00;7.47;2.25;-1;0;18.15;40.00;0.00;0;
511;1;595;31;20.30;16.72;-9.00;8.25;3.11;-1;0;12.42;38.00;0.00;0;
511;1;600;31;20.30;15.43;-9.00;7.50;3.11;-1;0;10.27;41.00;0.00;0;
511;1;628;31;11.10;12.95;-9.00;7.93;2.13;-1;0;33.52;46.00;0.00;0;
